a	 b	 c	  d	  f   	g  	h  	j  	k  	l  	m  	n
domain	ads	imgratio	inlinks	pageloadtime	misspelled	hyperlinks	brokenlinks	responsive	lastmod	langcount	outlinks	Alexa rank

#articles
a = -0.040435
b = 0.029099
c = 0.011597
d = 0.017667
f = -0.00607
g = 0.065318
h = -0.017604
j = 6.3E-5
k = 0.011616
l = -0.011533
m = 0.029271
n = -0.005968

alexa rank	wot	Articles()	Articles(2 eval)	shop
3347	[93, 63]	2.238992185	-0.00254245	-0.00283343
5934	[93, 60]	1.020981467	-0.00126933	-0.00156031
6649	[79, 37]	0.773333187	-0.00126831	-0.00126831
154	[92, 62]	1.013333776	-0.00155969	-0.00155968
848	[93, 61]	2.479121584	-0.00162096	-0.00162096
115656	[67, 5]	2.479121584	-0.00162096	-0.00162096
7588430	[89, 45]	1.722305644	-0.00017297	-0.00017298
19843	[83, 11]	1.005936346	-0.00063628	-0.00063628
44444	[76, 7]	1.714496019	-0.0012719	-0.00098092
9988430	[68, 10]	1.495590985	-0.00092378	-0.00092378


# Shop
a = -0.040435
c = 0.011597
d = 0.017667
f = -0.00607
g = 0.065318
h = -0.017604
j = 6.3E-5
k = 0.011616
l = -0.011533
m = 0.029271
n = 0.02313
